#! FIELDS tic_0 file.free der_tic_0
#! SET min_tic_0 -1.37417
#! SET max_tic_0 7.80392
#! SET nbins_tic_0  261
#! SET periodic_tic_0 false
   -1.374170000   26.063206054   -0.086881617
   -1.338869654   26.056675599   -0.311441655
   -1.303569308   26.035506825   -0.969727821
   -1.268268962   25.975728779   -2.623677510
   -1.232968615   25.826072544   -6.256516176
   -1.197668269   25.494341709  -13.183952911
   -1.162367923   24.840708810  -24.653152352
   -1.127067577   23.694951960  -40.992921749
   -1.091767231   21.904913843  -60.736239377
   -1.056466885   19.407071196  -80.354202585
   -1.021166538   16.289147799  -95.048816229
   -0.985866192   12.805627559 -100.495500539
   -0.950565846    9.326748515  -94.701387395
   -0.915265500    6.237426042  -78.920591712
   -0.879965154    3.823091895  -57.304853963
   -0.844664808    2.195783805  -35.222422915
   -0.809364462    1.286681345  -17.213350591
   -0.774064115    0.903964472   -5.545107787
   -0.738763769    0.821491151   -0.019138717
   -0.703463423    0.848563992    0.995029056
   -0.668163077    0.860328618   -0.591730167
   -0.632862731    0.794040352   -3.193247149
   -0.597562385    0.637768390   -5.532547819
   -0.562262038    0.421188330   -6.522709586
   -0.526961692    0.202994241   -5.571086135
   -0.491661346    0.049583401   -3.030922286
   -0.456361000    0.000000000    0.111925597
   -0.421060654    0.053780746    2.686037927
   -0.385760308    0.178553059    4.098654102
   -0.350459962    0.334614490    4.517159623
   -0.315159615    0.494548371    4.392704755
   -0.279859269    0.643834251    3.902785111
   -0.244558923    0.766291977    2.819415144
   -0.209258577    0.836920843    0.989077624
   -0.173958231    0.832958734   -1.303584592
   -0.138657885    0.752776987   -3.177523035
   -0.103357538    0.628079123   -3.684874794
   -0.068057192    0.514738178   -2.625387005
   -0.032756846    0.460105951   -0.472046996
    0.002543500    0.485747712    1.772715127
    0.037843846    0.577405235    3.118589334
    0.073144192    0.692754613    3.098234961
    0.108444538    0.783872748    1.836507327
    0.143744885    0.822445024    0.358381891
    0.179045231    0.827351959    0.175784910
    0.214345577    0.867253057    2.425272779
    0.249645923    1.026394377    6.703723799
    0.284946269    1.344426713   11.014072382
    0.320246615    1.779112305   12.976546108
    0.355546962    2.224805469   11.730764992
    0.390847308    2.586414726    8.517247642
    0.426147654    2.836002716    5.788565400
    0.461448000    3.024828123    5.241571530
    0.496748346    3.232979341    6.701509835
    0.532048692    3.504955882    8.515540422
    0.567349038    3.817731725    8.740098541
    0.602649385    4.096232029    6.625437357
    0.637949731    4.270399083    3.082061176
    0.673250077    4.328181501    0.388050500
    0.708550423    4.335377779    0.461138288
    0.743850769    4.396414809    3.272483757
    0.779151115    4.576257463    6.674045907
    0.814451462    4.843106715    7.846491666
    0.849751808    5.089594863    5.417191658
    0.885052154    5.201967263    0.722217998
    0.920352500    5.150759214   -3.316101627
    0.955652846    5.009983252   -4.042771800
    0.990953192    4.915566944   -0.824946018
    1.026253538    4.982535340    4.709317842
    1.061553885    5.246341076    9.900957257
    1.096854231    5.654799458   12.681745330
    1.132154577    6.109064081   12.479504882
    1.167454923    6.514015608   10.096929983
    1.202755269    6.814873681    6.837169784
    1.238055615    7.004455849    4.009517589
    1.273355962    7.117795205    2.658791435
    1.308656308    7.221074788    3.519364123
    1.343956654    7.394892384    6.594777013
    1.379257000    7.703554079   10.875122361
    1.414557346    8.160656557   14.702341107
    1.449857692    8.719542517   16.443686198
    1.485158038    9.293997460   15.662129912
    1.520458385    9.807961983   13.275214204
    1.555758731   10.234144519   10.909700915
    1.591059077   10.595283690    9.742185493
    1.626359423   10.935443301    9.510289382
    1.661659769   11.269236207    9.243565777
    1.696960115   11.578179850    7.961628762
    1.732260462   11.823092874    5.763177265
    1.767560808   11.986749237    3.511355473
    1.802861154   12.087479756    2.392056435
    1.838161500   12.177681504    2.912195900
    1.873461846   12.313244286    4.903798990
    1.908762192   12.534034715    7.591824345
    1.944062538   12.849160584   10.140542238
    1.979362885   13.240233985   11.723463210
    2.014663231   13.662539427   11.858803986
    2.049963577   14.062090568   10.541326149
    2.085263923   14.399885436    8.503326274
    2.120564269   14.673718744    7.195245156
    2.155864615   14.932466578    7.791291749
    2.191164962   15.249483138   10.377609031
    2.226465308   15.678275468   13.899410170
    2.261765654   16.223261213   16.664738014
    2.297066000   16.833575101   17.502453328
    2.332366346   17.433686707   16.097935132
    2.367666692   17.952720559   13.053661588
    2.402967038   18.349842310    9.349255009
    2.438267385   18.617505049    5.847193702
    2.473567731   18.772219841    2.976681135
    2.508868077   18.838157551    0.878064958
    2.544168423   18.845686247   -0.329510469
    2.579468769   18.833049676   -0.186831513
    2.614769115   18.855166731    1.700672795
    2.650069462   18.972689310    5.091958039
    2.685369808   19.222763818    9.022460158
    2.720670154   19.601455557   12.178411828
    2.755970500   20.064844723   13.767116893
    2.791270846   20.555834868   13.811614988
    2.826571192   21.030060054   12.947553878
    2.861871538   21.469054859   11.893332238
    2.897171885   21.873961782   11.059561772
    2.932472231   22.253355078   10.413138735
    2.967772577   22.607735339    9.582698037
    3.003072923   22.921994902    8.038116821
    3.038373269   23.165056123    5.523095333
    3.073673615   23.305344226    2.323643319
    3.108973962   23.332302638   -0.726371011
    3.144274308   23.268952594   -2.601260565
    3.179574654   23.170327896   -2.731882070
    3.214875000   23.097304591   -1.195279086
    3.250175346   23.096466338    1.203417056
    3.285475692   23.181736617    3.529685319
    3.320776038   23.337608410    5.131605137
    3.356076385   23.533629146    5.810811386
    3.391376731   23.739713505    5.763135245
    3.426677077   23.936928128    5.354042688
    3.461977423   24.118099859    4.913707536
    3.497277769   24.283796969    4.464170100
    3.532578115   24.431228380    3.814318657
    3.567878462   24.549399410    2.812870341
    3.603178808   24.627012246    1.571553242
    3.638479154   24.664016991    0.601427075
    3.673779500   24.679980914    0.467473722
    3.709079846   24.708401826    1.270187109
    3.744380192   24.775233346    2.504750620
    3.779680538   24.880457543    3.303244981
    3.814980885   24.995306673    2.983838452
    3.850281231   25.077743543    1.529114085
    3.885581577   25.098140944   -0.377473794
    3.920881923   25.058341402   -1.710085650
    3.956182269   24.994211145   -1.671599104
    3.991482615   24.958737386   -0.117497534
    4.026782962   24.996579106    2.328832746
    4.062083308   25.121520303    4.631611649
    4.097383654   25.311421683    5.903238046
    4.132684000   25.522234323    5.797100124
    4.167984346   25.708306573    4.597811062
    4.203284692   25.840803059    2.869708508
    4.238585038   25.911048575    1.145167117
    4.273885385   25.925481455   -0.257916510
    4.309185731   25.897815944   -1.245246794
    4.344486077   25.841790744   -1.881609477
    4.379786423   25.767254506   -2.322778876
    4.415086769   25.678532806   -2.712450898
    4.450387115   25.576760608   -3.044427767
    4.485687462   25.466693281   -3.128890161
    4.520987808   25.361671417   -2.724493549
    4.556288154   25.280923063   -1.763126353
    4.591588500   25.240722349   -0.497547278
    4.626888846   25.243596432    0.589883706
    4.662189192   25.274890224    1.058482359
    4.697489538   25.308858784    0.736044937
    4.732789885   25.318704299   -0.268729268
    4.768090231   25.285169607   -1.669861323
    4.803390577   25.200168755   -3.133859559
    4.838690923   25.067346007   -4.315344502
    4.873991269   24.902518540   -4.900608668
    4.909291615   24.731101697   -4.661565422
    4.944591962   24.583822227   -3.554783774
    4.979892308   24.488507001   -1.772142946
    5.015192654   24.462301261    0.299613815
    5.050493000   24.507335576    2.181925457
    5.085793346   24.609018764    3.445735309
    5.121093692   24.739677249    3.788354691
    5.156394038   24.863830690    3.058555197
    5.191694385   24.943901224    1.329515697
    5.226994731   24.949668758   -1.064135242
    5.262295077   24.868256467   -3.489928173
    5.297595423   24.711636358   -5.205151384
    5.332895769   24.515731377   -5.668965846
    5.368196115   24.325896931   -4.921994834
    5.403496462   24.175167062   -3.605035479
    5.438796808   24.067047576   -2.664275616
    5.474097154   23.973387203   -2.872464797
    5.509397500   23.848543274   -4.395710734
    5.544697846   23.652691052   -6.782639228
    5.579998192   23.369933982   -9.147474703
    5.615298538   23.017141745  -10.640603730
    5.650598885   22.633493920  -10.883776716
    5.685899231   22.259899115  -10.166620463
    5.721199577   21.917769107   -9.246484345
    5.756499923   21.601080396   -8.813013088
    5.791800269   21.286897577   -9.094252637
    5.827100615   20.952799807   -9.900969550
    5.862400962   20.584525808  -11.002303087
    5.897701308   20.172215709  -12.414064057
    5.933001654   19.703659988  -14.194754203
    5.968302000   19.169282188  -16.036557720
    6.003602346   18.580273844  -17.115332612
    6.038902692   17.981559025  -16.452904885
    6.074203038   17.445813118  -13.530018813
    6.109503385   17.047287266   -8.881390993
    6.144803731   16.822675609   -3.941396563
    6.180104077   16.749846583   -0.595136830
    6.215404423   16.745706323   -0.227192119
    6.250704769   16.695811565   -3.106149612
    6.286005115   16.499689683   -8.265902346
    6.321305462   16.107554282  -13.853513255
    6.356605808   15.540179232  -17.898518199
    6.391906154   14.877958201  -19.110209443
    6.427206500   14.228932420  -17.182166873
    6.462506846   13.692313421  -13.004370132
    6.497807192   13.319263027   -8.233571708
    6.533107538   13.095226359   -4.876871770
    6.568407885   12.941355975   -4.417507002
    6.603708231   12.746068006   -7.135989837
    6.639008577   12.414028185  -11.856657260
    6.674308923   11.909941284  -16.539202448
    6.709609269   11.270173549  -19.301675898
    6.744909615   10.581257288  -19.290813571
    6.780209962    9.936907435  -16.975449033
    6.815510308    9.395692058  -13.709054475
    6.850810654    8.962901429  -11.027828571
    6.886111000    8.600889398   -9.751497909
    6.921411346    8.263125708   -9.522860263
    6.956711692    7.931574409   -9.167707734
    6.992012038    7.631869913   -7.594098848
    7.027312385    7.410465087   -4.879542912
    7.062612731    7.289611551   -2.149992697
    7.097913077    7.243562253   -0.817115574
    7.133213423    7.210700390   -1.424563318
    7.168513769    7.131926277   -3.162563493
    7.203814115    6.996151398   -4.352758373
    7.239114462    6.860672022   -2.750589174
    7.274414808    6.864565924    3.878774718
    7.309715154    7.216166065   17.137298703
    7.345015500    8.150074989   36.532278893
    7.380315846    9.829517998   58.526109612
    7.415616192   12.242821212   76.956412666
    7.450916538   15.152244887   85.816817165
    7.486216885   18.158524043   82.408301332
    7.521517231   20.851016376   68.711773449
    7.556817577   22.953983221   50.033198502
    7.592117923   24.393514462   31.913835157
    7.627418269   25.259115571   17.880165485
    7.662718615   25.717656366    8.801999076
    7.698018962   25.931855471    3.802078302
    7.733319308   26.019708680    1.448574460
    7.768619654   26.052776184    0.436379879
    7.803920000   26.063012898    0.090269025
